.Random.seed <-
c(403L, 10L, 835581926L, -702083199L, 1787242259L, 2083647682L, 
131763060L, 694204279L, -1629466515L, 418361092L, 778006058L, 
-772127851L, -55359441L, 1639956790L, -1570447008L, 282820515L, 
655673537L, 643823792L, -1933441074L, 1069357881L, -761498805L, 
-1043748614L, 122483196L, -1842130369L, 1508849429L, -344538068L, 
-426885886L, 1994970589L, -1629313833L, 2045874110L, -1746097672L, 
714771931L, -1379818439L, -871840376L, -1603874506L, -1422693519L, 
-956970589L, 1685271794L, -371136444L, 1608813319L, 821922525L, 
1521718228L, -101051654L, 1319831109L, -1109696865L, -377904090L, 
1992102064L, 981027155L, -1196534671L, -1991013984L, -1719335618L, 
391136329L, 85463291L, -1562732342L, -1983005140L, -319258065L, 
-1342358811L, 4005788L, -2967054L, 635294829L, -1944259161L, 
801398734L, 1850293544L, 96673579L, 634275145L, 1416817240L, 
-2115165434L, 623218401L, -140653965L, -671124766L, 1162112596L, 
-565414057L, -1677063347L, 1089437412L, 947961546L, 1785921333L, 
-674433649L, 1203024534L, -147404224L, -2027562237L, -1703007455L, 
1626131472L, -71631890L, 1894787993L, -277253077L, -2103316198L, 
57050076L, -1948293665L, -1607921227L, -1743962292L, 94049698L, 
-1883278083L, -140977673L, 1810929438L, -1451021864L, 777683771L, 
-443505447L, 318023784L, 2096086422L, -742398703L, 429524675L, 
-726546734L, -1424195740L, 2030715559L, 2136665085L, 1840586228L, 
1653816026L, -243205083L, -1912393409L, 820422342L, -1937937584L, 
-2003643533L, -166492783L, 785647552L, -1236373090L, -1602602135L, 
1976561563L, -390818134L, -1337155380L, 2051432847L, -263342651L, 
169728380L, -550606382L, -626469555L, 1352288263L, 2118297582L, 
1240649416L, -2125848117L, -268757975L, 116228728L, -574279770L, 
467986881L, 1337155155L, 774419714L, 1135113268L, -636140105L, 
-668374611L, -2007192892L, 463564522L, -84491947L, -2144717073L, 
-278838026L, 1478136864L, 1176569315L, 1054242433L, -1430224656L, 
-1748271218L, -73494279L, 1304287883L, -500319558L, -1010108996L, 
895327999L, 1315508821L, -1096456852L, -1583714878L, 993562141L, 
1052235415L, 623337470L, -1524003912L, 1337452443L, -525955591L, 
2099154248L, -497497994L, -1194510927L, 846445539L, 1622411442L, 
154363140L, 610707015L, 1999515933L, 1205960596L, 366928698L, 
586428293L, -1533576097L, 2033923814L, -1368441488L, 531154579L, 
501571377L, -1090689568L, 296632958L, 1376629001L, 2077528891L, 
719858442L, 2004198124L, 1311940463L, -1092435803L, -437294500L, 
-1749300686L, 1150214445L, -1423251481L, -167743730L, -1785282328L, 
1957556971L, -1003611255L, -1950955752L, 1637239366L, -1758811487L, 
1598459187L, 499750050L, 163601300L, 2138481175L, 543532557L, 
-743980252L, -747946230L, 1211110005L, 1889604047L, -293037354L, 
-959119744L, -979984189L, 1592950369L, -1435109680L, -1566355410L, 
1565169113L, 548235755L, 627055706L, 249103900L, -2022709473L, 
-1888470155L, 496230924L, 639923170L, 713302205L, 1942589239L, 
-1598130210L, 631162136L, -1757173637L, -2000564711L, 1452762792L, 
1942611030L, 1932288209L, 176438403L, 964132044L, 246623740L, 
988875698L, -20993552L, 1225615812L, -1938067112L, -1854888582L, 
-1988464208L, 2101809084L, 1642213460L, -2084568126L, -827546592L, 
-242611012L, -812160432L, 1100795874L, -180734360L, -1411790260L, 
-293568260L, -1572720654L, 1371520256L, 1790859124L, 1333239816L, 
1253103034L, 1988369872L, -1148304404L, -1859788908L, -679203886L, 
-1416497312L, -1426254516L, -1175487200L, -1351412862L, 1630333672L, 
-872483604L, 2057812540L, -248194190L, -82171280L, -376436700L, 
-1329285320L, 175979674L, -1692290352L, -1494196036L, -2100124012L, 
-2068691326L, 386915520L, 1851248956L, -1037246320L, -228697566L, 
1360238088L, -32501492L, -1765719396L, 1917312530L, 2146545024L, 
-367153644L, 995616296L, -1192110790L, -1805858864L, -6749588L, 
-1407244492L, -152005998L, -1592936096L, 1139687756L, -1877467168L, 
273141666L, -345540696L, -332055668L, -67529028L, -842933390L, 
2002807024L, 967432260L, 1441619288L, -1250687942L, -371874960L, 
767124540L, -116221164L, -1441986110L, -724569888L, -2082232452L, 
1285418704L, -380205406L, -872291288L, -784578292L, -1104403524L, 
-1261556430L, 1104732096L, 325177908L, 339381192L, -1736145734L, 
1235529616L, 842089964L, 527663188L, -108818798L, -196986080L, 
-1696514612L, -1007604768L, -1555672382L, -784242136L, 1204412076L, 
1052127932L, 1195975154L, 50178352L, -207217500L, -2012196168L, 
378530650L, -1510167152L, 2084675964L, 1421630740L, -494220990L, 
-1921432832L, -1645765700L, 2040564560L, -336699102L, -1166242488L, 
-254617588L, 282114140L, 851383506L, 1547225088L, -1840723116L, 
-1042927128L, -1463785478L, -1133975856L, -395946708L, 793762036L, 
895817618L, -475722656L, 987712780L, 1453713120L, -945951390L, 
-1853078872L, -924177844L, -583874692L, 2113997618L, -660255120L, 
501914948L, 163736536L, -1225203590L, 2062964272L, 1621220028L, 
1592833876L, -337167806L, 2146245536L, 1463670972L, -1294863920L, 
250463586L, 672965608L, -11958324L, 757597948L, 665153522L, 1465678976L, 
-50747148L, -1183615864L, 1922086202L, 259482448L, -1463030676L, 
-1179086700L, 353610066L, -1328300320L, -488881972L, -1339844448L, 
-1834804862L, -1888806680L, -238630676L, 1575864380L, 2012618866L, 
-1446492048L, 79700516L, -1327332808L, 647076378L, -2082766640L, 
1798227516L, -959943532L, -1023392638L, -1158985792L, -318128836L, 
-1421545840L, 1766540322L, 103510024L, 55303308L, -488533988L, 
49157266L, -410276736L, 1953858580L, -953425112L, -1394617286L, 
1970490576L, -632695700L, -917682508L, -1522773998L, 1215635424L, 
-1758450740L, -1457889824L, -1521427422L, 1491789096L, 92870924L, 
1505259068L, 1839101170L, -1292965648L, 402073412L, -420769704L, 
831439418L, 2070051056L, -962080068L, -1680197100L, 1632988354L, 
1068426848L, -57641604L, 1936061648L, 1121149986L, 1013393576L, 
-53228148L, -242003524L, 282007602L, -1944157376L, 806342324L, 
1555063112L, -439082310L, -1877180656L, 494035180L, -964794284L, 
1907066642L, 314155424L, 1337075660L, 2114027360L, -1839244094L, 
-1093374424L, 2039945644L, -187317444L, 314332018L, -1834078994L, 
902342524L, -1852845075L, -1440801641L, -213145760L, -860324034L, 
439066635L, -1416976243L, -345198150L, 1414488056L, 1626512289L, 
-1278470829L, 677465204L, -161964542L, -673927017L, -1540996511L, 
728177318L, -727465308L, 565708629L, 1875184639L, -1992779112L, 
1390346166L, -377211837L, 1964404101L, 516666914L, -1437176560L, 
548814009L, -861863573L, 1732980828L, -1712947830L, 1788053887L, 
990057673L, 880896350L, 1921829388L, 1201090013L, -567167769L, 
1762267408L, -1506136018L, -1900951845L, -1011220547L, 1151949098L, 
-278950456L, 1294045937L, 37174371L, -171423644L, -1417460846L, 
1152927847L, 870783025L, 274688374L, -1534011756L, -393175899L, 
1409106351L, 697539176L, 743432774L, 454707187L, -2031143083L, 
725805362L, -981959424L, 779353577L, -1777579941L, -839918932L, 
-2066660166L, -1284192657L, -936586247L, 168180366L, -1488274596L, 
1450801101L, 62420791L, -892017216L, 1346767518L, 957145963L, 
-551322899L, -1830293670L, -1227021288L, 102637953L, -1833281741L, 
1467682132L, 1143359330L, 533257207L, -1082710975L, 913477830L, 
-1528717820L, 1256053173L, 914253471L, -1960696072L, 1274317526L, 
1856986979L, 2138449701L, -888906558L, 1132485040L, 196162009L, 
-341852341L, 191821244L, -1380112918L, 1206460959L, -178911063L, 
-403046338L, 2043212076L, -364807299L, 403673543L, 1937605808L, 
-2014981426L, -1340831749L, -1377513379L, -1836828790L, 350058408L, 
1546960145L, -728087549L, 231075588L, 1040220978L, 1897095559L, 
-330070063L, 1477716310L, 231933748L, -2020136379L, 1470944911L, 
586727432L, -2078186458L, 1576139987L, -1064116683L, 1934022034L, 
1514858848L, -2043899703L, -1104501765L, -2076015668L, 1587084890L, 
360538959L, -2104264167L, 1332803630L, -775358916L, -1391457363L, 
-866081705L, -1654304352L, 113994494L, 1872398795L, 654274509L, 
